BK Precision 894 -- Frequency Sweep Results
------------------------------------------------------------
     Freq (Hz)                Ls                Rs    Status
------------------------------------------------------------
           20.00      -3.31673e-07       1.59710e-04         0
           32.48       2.91271e-07       4.11741e-05         0
           52.73      -1.86936e-07       8.49168e-05         0
           85.63       2.44590e-07      -5.28683e-06         0
          139.04       2.25495e-07       1.11726e-05         0
          225.77       1.34940e-07       1.24659e-05         0
          366.60       1.56095e-07      -3.85075e-05         0
          595.27       1.73640e-07       6.16083e-05         0
          966.59       1.55042e-07       8.24610e-05         0
         1569.52       1.44937e-07       1.00713e-04         0
         2548.55       1.42921e-07       5.93766e-05         0
         4138.28       1.38026e-07       2.42214e-04         0
         6719.64       1.36079e-07       1.91769e-04         0
        10911.19       1.33404e-07       2.49369e-04         0
        17717.34       1.33580e-07       3.10883e-04         0
        28769.00       1.32905e-07       2.87683e-04         0
        46714.43       1.32300e-07       4.66994e-04         0
        75853.80       1.31516e-07       7.89321e-04         0
       123169.64       1.31138e-07       8.55385e-04         0
       200000.00       3.09818e-07      -3.57476e-03         0
