BK Precision 894 -- Frequency Sweep Results
------------------------------------------------------------
     Freq (Hz)                Ls                Rs    Status
------------------------------------------------------------
           20.00       5.11272e-07       8.11321e-04         0
           32.48       1.40588e-06       7.40673e-04         0
           52.73       1.16332e-06       7.36210e-04         0
           85.63       1.38409e-06       8.38529e-04         0
          139.04       1.28634e-06       9.33829e-04         0
          225.77       1.11835e-06       1.06211e-03         0
          366.60       1.02665e-06       1.26013e-03         0
          595.27       1.02145e-06       1.44864e-03         0
          966.59       9.61174e-07       1.73576e-03         0
         1569.52       9.09924e-07       2.16906e-03         0
         2548.55       8.58869e-07       2.67331e-03         0
         4138.28       8.27659e-07       3.35686e-03         0
         6719.64       8.02783e-07       4.34965e-03         0
        10911.19       7.81364e-07       5.46847e-03         0
        17717.34       7.64720e-07       6.94712e-03         0
        28769.00       7.51427e-07       8.97978e-03         0
        46714.43       7.39726e-07       1.17585e-02         0
        75853.80       7.30358e-07       1.51246e-02         0
       123169.64       7.23427e-07       1.93167e-02         0
       200000.00       8.96879e-07       2.00595e-02         0
